20
3705.1 2780.1 7 0.0999996 0.1
3692.1 3076.1 2 0.0999997 0.0999998
3579.1 2908.1 6 0.0999997 0.0999999
3640.1 3336.1 2 0.0999997 0.0999997
3777.1 4612.1 6 0.0999998 0.0999996
628.1 4012.1 6 0.100001 0.0999983
3877.1 3918.1 9 0.0999997 0.0999996
298.1 2761.1 8 0.100001 0.0999991
1118.1 2897.1 1 0.0999999 0.0999992
1321.1 3059.1 6 0.0999997 0.0999992
4496.1 2417.1 4 0.0999995 0.0999998
4730.1 2560.1 9 0.099999 0.0999999
3583.1 1444.1 1 0.0999996 0.1
4268.1 2612.1 1 0.0999996 0.0999997
2666.1 1602.1 5 0.1 0.1
4026.1 1099.1 2 0.0999985 0.100001
1384.1 816.1 8 0.1 0.100001
1206.1 1192.1 4 0.100001 0.0999997
2211.1 1397.1 3 0.0999993 0.0999997
1463.1 1675.1 2 0.1 0.0999991
